[banner.jpg]
filters=Orton=1,25.000000,50.000000,0.000000;PicnikTint=1,0.000000,ffc29b58;
moddate=2a2be7117103d101
width=1920
height=768
textactive=0
[banner.1.jpg]
filters=Orton=1,25.000000,50.000000,0.000000;PicnikTint=1,0.000000,ffc29b58;
moddate=4da271e97203d101
width=1920
height=768
textactive=0
